solid OpenSCAD_Model
  facet normal 0 0 0
    outer loop
      vertex -16 31 5
      vertex 21 34 23
      vertex -21 34 23
    endloop
  endfacet
  facet normal 0 0 0
    outer loop
      vertex 21 34 23
      vertex -16 31 5
      vertex 16 31 5
    endloop
  endfacet
  facet normal 0 0 0
    outer loop
      vertex 16 31 5
      vertex -21 34 23
      vertex 21 34 23
    endloop
  endfacet
  facet normal 0 0 0
    outer loop
      vertex -21 34 23
      vertex 16 31 5
      vertex -16 31 5
    endloop
  endfacet
  facet normal 0 0 0
    outer loop
      vertex -21 34 23
      vertex 18 35 30
      vertex -18 35 30
    endloop
  endfacet
  facet normal 0 0 0
    outer loop
      vertex 18 35 30
      vertex -21 34 23
      vertex 21 34 23
    endloop
  endfacet
  facet normal 0 0 0
    outer loop
      vertex 21 34 23
      vertex -18 35 30
      vertex 18 35 30
    endloop
  endfacet
  facet normal 0 0 0
    outer loop
      vertex -18 35 30
      vertex 21 34 23
      vertex -21 34 23
    endloop
  endfacet
  facet normal 0 0 0
    outer loop
      vertex 21 -23 23
      vertex 18 35 30
      vertex 21 34 23
    endloop
  endfacet
  facet normal 0 0 0
    outer loop
      vertex 21 -23 23
      vertex 21 34 23
      vertex 18 35 30
    endloop
  endfacet
  facet normal 0 0 0
    outer loop
      vertex -11 -1 49
      vertex 18 35 30
      vertex 11 -1 49
    endloop
  endfacet
  facet normal 0 0 0
    outer loop
      vertex 18 35 30
      vertex -11 -1 49
      vertex -18 35 30
    endloop
  endfacet
  facet normal 0 0 0
    outer loop
      vertex 18 35 30
      vertex -11 -1 49
      vertex 11 -1 49
    endloop
  endfacet
  facet normal 0 0 0
    outer loop
      vertex -11 -1 49
      vertex 18 35 30
      vertex -18 35 30
    endloop
  endfacet
  facet normal 0 0 0
    outer loop
      vertex 21 -23 23
      vertex 11 -1 49
      vertex 18 35 30
    endloop
  endfacet
  facet normal 0 0 0
    outer loop
      vertex 21 -23 23
      vertex 18 35 30
      vertex 11 -1 49
    endloop
  endfacet
  facet normal 0 0 0
    outer loop
      vertex 13 -16 44
      vertex 11 -1 49
      vertex 21 -23 23
    endloop
  endfacet
  facet normal 0 0 0
    outer loop
      vertex 13 -16 44
      vertex 21 -23 23
      vertex 11 -1 49
    endloop
  endfacet
  facet normal 0 0 0
    outer loop
      vertex 13 -16 44
      vertex -11 -1 49
      vertex 11 -1 49
    endloop
  endfacet
  facet normal 0 0 0
    outer loop
      vertex -11 -1 49
      vertex 13 -16 44
      vertex -13 -16 44
    endloop
  endfacet
  facet normal 0 0 0
    outer loop
      vertex -11 -1 49
      vertex 13 -16 44
      vertex 11 -1 49
    endloop
  endfacet
  facet normal 0 0 0
    outer loop
      vertex 13 -16 44
      vertex -11 -1 49
      vertex -13 -16 44
    endloop
  endfacet
  facet normal 0 0 0
    outer loop
      vertex 21 -23 23
      vertex -13 -16 44
      vertex 13 -16 44
    endloop
  endfacet
  facet normal 0 0 0
    outer loop
      vertex -13 -16 44
      vertex 21 -23 23
      vertex -21 -23 23
    endloop
  endfacet
  facet normal 0 0 0
    outer loop
      vertex -21 -23 23
      vertex 13 -16 44
      vertex -13 -16 44
    endloop
  endfacet
  facet normal 0 0 0
    outer loop
      vertex 13 -16 44
      vertex -21 -23 23
      vertex 21 -23 23
    endloop
  endfacet
  facet normal 0 0 0
    outer loop
      vertex 16 -9 5
      vertex -21 -23 23
      vertex 21 -23 23
    endloop
  endfacet
  facet normal 0 0 0
    outer loop
      vertex -21 -23 23
      vertex 16 -9 5
      vertex -16 -9 5
    endloop
  endfacet
  facet normal 0 0 0
    outer loop
      vertex -16 -9 5
      vertex 21 -23 23
      vertex -21 -23 23
    endloop
  endfacet
  facet normal 0 0 0
    outer loop
      vertex 21 -23 23
      vertex -16 -9 5
      vertex 16 -9 5
    endloop
  endfacet
  facet normal 0 0 0
    outer loop
      vertex 16 -9 5
      vertex 21 34 23
      vertex 16 31 5
    endloop
  endfacet
  facet normal 0 0 0
    outer loop
      vertex 21 34 23
      vertex 16 -9 5
      vertex 21 -23 23
    endloop
  endfacet
  facet normal 0 0 0
    outer loop
      vertex 21 34 23
      vertex 16 -9 5
      vertex 16 31 5
    endloop
  endfacet
  facet normal 0 0 0
    outer loop
      vertex 16 -9 5
      vertex 21 34 23
      vertex 21 -23 23
    endloop
  endfacet
  facet normal 0 0 0
    outer loop
      vertex -16 31 5
      vertex 16 -9 5
      vertex 16 31 5
    endloop
  endfacet
  facet normal 0 0 0
    outer loop
      vertex 16 -9 5
      vertex -16 31 5
      vertex -16 -9 5
    endloop
  endfacet
  facet normal 0 0 0
    outer loop
      vertex -16 -9 5
      vertex 16 31 5
      vertex 16 -9 5
    endloop
  endfacet
  facet normal 0 0 0
    outer loop
      vertex 16 31 5
      vertex -16 -9 5
      vertex -16 31 5
    endloop
  endfacet
  facet normal 0 0 0
    outer loop
      vertex -18 35 30
      vertex -21 -23 23
      vertex -21 34 23
    endloop
  endfacet
  facet normal 0 0 0
    outer loop
      vertex -18 35 30
      vertex -21 34 23
      vertex -21 -23 23
    endloop
  endfacet
  facet normal 0 0 0
    outer loop
      vertex -11 -1 49
      vertex -21 -23 23
      vertex -18 35 30
    endloop
  endfacet
  facet normal 0 0 0
    outer loop
      vertex -11 -1 49
      vertex -18 35 30
      vertex -21 -23 23
    endloop
  endfacet
  facet normal 0 0 0
    outer loop
      vertex -13 -16 44
      vertex -21 -23 23
      vertex -11 -1 49
    endloop
  endfacet
  facet normal 0 0 0
    outer loop
      vertex -13 -16 44
      vertex -11 -1 49
      vertex -21 -23 23
    endloop
  endfacet
  facet normal 0 0 0
    outer loop
      vertex -21 34 23
      vertex -16 -9 5
      vertex -16 31 5
    endloop
  endfacet
  facet normal 0 0 0
    outer loop
      vertex -16 -9 5
      vertex -21 34 23
      vertex -21 -23 23
    endloop
  endfacet
  facet normal 0 0 0
    outer loop
      vertex -16 -9 5
      vertex -21 34 23
      vertex -16 31 5
    endloop
  endfacet
  facet normal 0 0 0
    outer loop
      vertex -21 34 23
      vertex -16 -9 5
      vertex -21 -23 23
    endloop
  endfacet
endsolid OpenSCAD_Model
