solid OpenSCAD_Model
  facet normal 0 0 0
    outer loop
      vertex 18 -16 44
      vertex -8 -50 44
      vertex 8 -50 44
    endloop
  endfacet
  facet normal 0 0 0
    outer loop
      vertex -8 -50 44
      vertex 18 -16 44
      vertex -18 -16 44
    endloop
  endfacet
  facet normal 0 0 0
    outer loop
      vertex -8 -50 44
      vertex 18 -16 44
      vertex 8 -50 44
    endloop
  endfacet
  facet normal 0 0 0
    outer loop
      vertex 18 -16 44
      vertex -8 -50 44
      vertex -18 -16 44
    endloop
  endfacet
  facet normal 0 0 0
    outer loop
      vertex 8 -50 44
      vertex -8 -52 46
      vertex 8 -52 46
    endloop
  endfacet
  facet normal 0 0 0
    outer loop
      vertex -8 -52 46
      vertex 8 -50 44
      vertex -8 -50 44
    endloop
  endfacet
  facet normal 0 0 0
    outer loop
      vertex -8 -50 44
      vertex 8 -52 46
      vertex -8 -52 46
    endloop
  endfacet
  facet normal 0 0 0
    outer loop
      vertex 8 -52 46
      vertex -8 -50 44
      vertex 8 -50 44
    endloop
  endfacet
  facet normal 0 0 0
    outer loop
      vertex 18 -16 44
      vertex 8 -50 44
      vertex 15 -22 60
    endloop
  endfacet
  facet normal 0 0 0
    outer loop
      vertex 18 -16 44
      vertex 15 -22 60
      vertex 8 -50 44
    endloop
  endfacet
  facet normal 0 0 0
    outer loop
      vertex -8 -52 46
      vertex 12 -25 67
      vertex 8 -52 46
    endloop
  endfacet
  facet normal 0 0 0
    outer loop
      vertex 12 -25 67
      vertex -8 -52 46
      vertex -12 -25 67
    endloop
  endfacet
  facet normal 0 0 0
    outer loop
      vertex 12 -25 67
      vertex -8 -52 46
      vertex 8 -52 46
    endloop
  endfacet
  facet normal 0 0 0
    outer loop
      vertex -8 -52 46
      vertex 12 -25 67
      vertex -12 -25 67
    endloop
  endfacet
  facet normal 0 0 0
    outer loop
      vertex 15 -22 60
      vertex 8 -52 46
      vertex 12 -25 67
    endloop
  endfacet
  facet normal 0 0 0
    outer loop
      vertex 15 -22 60
      vertex 12 -25 67
      vertex 8 -52 46
    endloop
  endfacet
  facet normal 0 0 0
    outer loop
      vertex 8 -50 44
      vertex 8 -52 46
      vertex 15 -22 60
    endloop
  endfacet
  facet normal 0 0 0
    outer loop
      vertex 8 -50 44
      vertex 15 -22 60
      vertex 8 -52 46
    endloop
  endfacet
  facet normal 0 0 0
    outer loop
      vertex 12 -25 67
      vertex 9 -15 74
      vertex 12 -6 76
    endloop
  endfacet
  facet normal 0 0 0
    outer loop
      vertex 12 -25 67
      vertex 12 -6 76
      vertex 9 -15 74
    endloop
  endfacet
  facet normal 0 0 0
    outer loop
      vertex 12 -25 67
      vertex -9 -15 74
      vertex 9 -15 74
    endloop
  endfacet
  facet normal 0 0 0
    outer loop
      vertex -9 -15 74
      vertex 12 -25 67
      vertex -12 -25 67
    endloop
  endfacet
  facet normal 0 0 0
    outer loop
      vertex -9 -15 74
      vertex 12 -25 67
      vertex 9 -15 74
    endloop
  endfacet
  facet normal 0 0 0
    outer loop
      vertex 12 -25 67
      vertex -9 -15 74
      vertex -12 -25 67
    endloop
  endfacet
  facet normal 0 0 0
    outer loop
      vertex -12 -6 76
      vertex 12 -6 76
      vertex 9 -15 74
    endloop
  endfacet
  facet normal 0 0 0
    outer loop
      vertex -12 -6 76
      vertex 9 -15 74
      vertex -9 -15 74
    endloop
  endfacet
  facet normal 0 0 0
    outer loop
      vertex 12 -6 76
      vertex -12 -6 76
      vertex 9 12 80
    endloop
  endfacet
  facet normal 0 0 0
    outer loop
      vertex 9 12 80
      vertex -12 -6 76
      vertex -9 12 80
    endloop
  endfacet
  facet normal 0 0 0
    outer loop
      vertex -12 -6 76
      vertex 12 -6 76
      vertex 9 12 80
    endloop
  endfacet
  facet normal 0 0 0
    outer loop
      vertex -12 -6 76
      vertex 9 12 80
      vertex -9 12 80
    endloop
  endfacet
  facet normal 0 0 0
    outer loop
      vertex 12 -6 76
      vertex -12 -6 76
      vertex 9 -15 74
    endloop
  endfacet
  facet normal 0 0 0
    outer loop
      vertex 9 -15 74
      vertex -12 -6 76
      vertex -9 -15 74
    endloop
  endfacet
  facet normal 0 0 0
    outer loop
      vertex 15 -22 60
      vertex 12 -25 67
      vertex 12 -6 76
    endloop
  endfacet
  facet normal 0 0 0
    outer loop
      vertex 15 -22 60
      vertex 12 -6 76
      vertex 12 -25 67
    endloop
  endfacet
  facet normal 0 0 0
    outer loop
      vertex 15 -22 60
      vertex 12 -6 76
      vertex 17 -3 67
    endloop
  endfacet
  facet normal 0 0 0
    outer loop
      vertex 15 -22 60
      vertex 17 -3 67
      vertex 12 -6 76
    endloop
  endfacet
  facet normal 0 0 0
    outer loop
      vertex 18 -10 58
      vertex 15 -22 60
      vertex 17 -3 67
    endloop
  endfacet
  facet normal 0 0 0
    outer loop
      vertex 18 -10 58
      vertex 17 -3 67
      vertex 15 -22 60
    endloop
  endfacet
  facet normal 0 0 0
    outer loop
      vertex 18 -16 44
      vertex 15 -22 60
      vertex 18 -10 58
    endloop
  endfacet
  facet normal 0 0 0
    outer loop
      vertex 18 -16 44
      vertex 18 -10 58
      vertex 15 -22 60
    endloop
  endfacet
  facet normal 0 0 0
    outer loop
      vertex 20 10 53
      vertex 18 -16 44
      vertex 18 -10 58
    endloop
  endfacet
  facet normal 0 0 0
    outer loop
      vertex 20 10 53
      vertex 18 -10 58
      vertex 18 -16 44
    endloop
  endfacet
  facet normal 0 0 0
    outer loop
      vertex 18 -10 58
      vertex 17 -3 67
      vertex 20 10 53
    endloop
  endfacet
  facet normal 0 0 0
    outer loop
      vertex 18 -10 58
      vertex 20 10 53
      vertex 17 -3 67
    endloop
  endfacet
  facet normal 0 0 0
    outer loop
      vertex 20 10 53
      vertex 17 -3 67
      vertex 20 14 66
    endloop
  endfacet
  facet normal 0 0 0
    outer loop
      vertex 20 10 53
      vertex 20 14 66
      vertex 17 -3 67
    endloop
  endfacet
  facet normal 0 0 0
    outer loop
      vertex 17 -3 67
      vertex 9 12 80
      vertex 20 14 66
    endloop
  endfacet
  facet normal 0 0 0
    outer loop
      vertex 17 -3 67
      vertex 20 14 66
      vertex 9 12 80
    endloop
  endfacet
  facet normal 0 0 0
    outer loop
      vertex 12 -6 76
      vertex 9 12 80
      vertex 17 -3 67
    endloop
  endfacet
  facet normal 0 0 0
    outer loop
      vertex 12 -6 76
      vertex 17 -3 67
      vertex 9 12 80
    endloop
  endfacet
  facet normal 0 0 0
    outer loop
      vertex -20 14 66
      vertex 9 12 80
      vertex -9 12 80
    endloop
  endfacet
  facet normal 0 0 0
    outer loop
      vertex 9 12 80
      vertex -20 14 66
      vertex 20 14 66
    endloop
  endfacet
  facet normal 0 0 0
    outer loop
      vertex 20 14 66
      vertex -9 12 80
      vertex 9 12 80
    endloop
  endfacet
  facet normal 0 0 0
    outer loop
      vertex -9 12 80
      vertex 20 14 66
      vertex -20 14 66
    endloop
  endfacet
  facet normal 0 0 0
    outer loop
      vertex -20 10 53
      vertex 20 14 66
      vertex -20 14 66
    endloop
  endfacet
  facet normal 0 0 0
    outer loop
      vertex 20 14 66
      vertex -20 10 53
      vertex 20 10 53
    endloop
  endfacet
  facet normal 0 0 0
    outer loop
      vertex 20 10 53
      vertex -20 14 66
      vertex 20 14 66
    endloop
  endfacet
  facet normal 0 0 0
    outer loop
      vertex -20 14 66
      vertex 20 10 53
      vertex -20 10 53
    endloop
  endfacet
  facet normal 0 0 0
    outer loop
      vertex 20 10 53
      vertex -18 -16 44
      vertex 18 -16 44
    endloop
  endfacet
  facet normal 0 0 0
    outer loop
      vertex -18 -16 44
      vertex 20 10 53
      vertex -20 10 53
    endloop
  endfacet
  facet normal 0 0 0
    outer loop
      vertex -18 -16 44
      vertex 20 10 53
      vertex 18 -16 44
    endloop
  endfacet
  facet normal 0 0 0
    outer loop
      vertex 20 10 53
      vertex -18 -16 44
      vertex -20 10 53
    endloop
  endfacet
  facet normal 0 0 0
    outer loop
      vertex -8 -50 44
      vertex -18 -16 44
      vertex -15 -22 60
    endloop
  endfacet
  facet normal 0 0 0
    outer loop
      vertex -8 -50 44
      vertex -15 -22 60
      vertex -18 -16 44
    endloop
  endfacet
  facet normal 0 0 0
    outer loop
      vertex -8 -52 46
      vertex -15 -22 60
      vertex -12 -25 67
    endloop
  endfacet
  facet normal 0 0 0
    outer loop
      vertex -8 -52 46
      vertex -12 -25 67
      vertex -15 -22 60
    endloop
  endfacet
  facet normal 0 0 0
    outer loop
      vertex -8 -50 44
      vertex -15 -22 60
      vertex -8 -52 46
    endloop
  endfacet
  facet normal 0 0 0
    outer loop
      vertex -8 -50 44
      vertex -8 -52 46
      vertex -15 -22 60
    endloop
  endfacet
  facet normal 0 0 0
    outer loop
      vertex -9 -15 74
      vertex -12 -25 67
      vertex -12 -6 76
    endloop
  endfacet
  facet normal 0 0 0
    outer loop
      vertex -9 -15 74
      vertex -12 -6 76
      vertex -12 -25 67
    endloop
  endfacet
  facet normal 0 0 0
    outer loop
      vertex -12 -25 67
      vertex -15 -22 60
      vertex -12 -6 76
    endloop
  endfacet
  facet normal 0 0 0
    outer loop
      vertex -12 -25 67
      vertex -12 -6 76
      vertex -15 -22 60
    endloop
  endfacet
  facet normal 0 0 0
    outer loop
      vertex -15 -22 60
      vertex -17 -3 67
      vertex -12 -6 76
    endloop
  endfacet
  facet normal 0 0 0
    outer loop
      vertex -15 -22 60
      vertex -12 -6 76
      vertex -17 -3 67
    endloop
  endfacet
  facet normal 0 0 0
    outer loop
      vertex -15 -22 60
      vertex -18 -10 58
      vertex -17 -3 67
    endloop
  endfacet
  facet normal 0 0 0
    outer loop
      vertex -15 -22 60
      vertex -17 -3 67
      vertex -18 -10 58
    endloop
  endfacet
  facet normal 0 0 0
    outer loop
      vertex -15 -22 60
      vertex -18 -16 44
      vertex -18 -10 58
    endloop
  endfacet
  facet normal 0 0 0
    outer loop
      vertex -15 -22 60
      vertex -18 -10 58
      vertex -18 -16 44
    endloop
  endfacet
  facet normal 0 0 0
    outer loop
      vertex -18 -16 44
      vertex -20 10 53
      vertex -18 -10 58
    endloop
  endfacet
  facet normal 0 0 0
    outer loop
      vertex -18 -16 44
      vertex -18 -10 58
      vertex -20 10 53
    endloop
  endfacet
  facet normal 0 0 0
    outer loop
      vertex -18 -10 58
      vertex -20 10 53
      vertex -17 -3 67
    endloop
  endfacet
  facet normal 0 0 0
    outer loop
      vertex -18 -10 58
      vertex -17 -3 67
      vertex -20 10 53
    endloop
  endfacet
  facet normal 0 0 0
    outer loop
      vertex -17 -3 67
      vertex -20 10 53
      vertex -20 14 66
    endloop
  endfacet
  facet normal 0 0 0
    outer loop
      vertex -17 -3 67
      vertex -20 14 66
      vertex -20 10 53
    endloop
  endfacet
  facet normal 0 0 0
    outer loop
      vertex -17 -3 67
      vertex -20 14 66
      vertex -9 12 80
    endloop
  endfacet
  facet normal 0 0 0
    outer loop
      vertex -17 -3 67
      vertex -9 12 80
      vertex -20 14 66
    endloop
  endfacet
  facet normal 0 0 0
    outer loop
      vertex -12 -6 76
      vertex -17 -3 67
      vertex -9 12 80
    endloop
  endfacet
  facet normal 0 0 0
    outer loop
      vertex -12 -6 76
      vertex -9 12 80
      vertex -17 -3 67
    endloop
  endfacet
endsolid OpenSCAD_Model
